# theta calculated for lambda=      1.5418380 A
# Miller indeces multiplicity  2 x theta        d (A)     intensity
    0    0   -1        2          6.3429       13.93470000     48.6294
   -1    0    0        6          7.5991       11.63375226     93.1559
   -1    0   -1       12          9.9043        8.93051508    100.0000
    0    0   -2        2         12.7053        6.96735000      9.1577
   -2    1    0        6         13.1814        6.71675000     21.7885
   -2    1   -1       12         14.6403        6.05053800     32.7091
   -1    0   -2       12         14.8205        5.97737576     34.3739
   -2    0    0        6         15.2318        5.81687613     13.7786
   -2    0   -1       12         16.5142        5.36795258     21.8968
   -2    1   -2       12         18.3470        4.83562659     16.7479
    0    0   -2        2         19.1073        4.64490000      2.6558
   -2    0   -2       12         19.8837        4.46525754     12.4455
   -3    1    0       12         20.1949        4.39714504     10.1413
   -1    0   -2       12         20.5893        4.31378023     12.0044
   -3    1   -1       24         21.1875        4.19332519     17.7437
   -3    0    0        6         22.9333        3.87791742      2.9370
   -2    1   -2       12         23.2835        3.82037292      7.4853
   -3    0   -1       12         23.8173        3.73594692      5.3598
   -3    1   -2       24         23.9305        3.71852905     12.4531
   -2    0   -2       12         24.5253        3.62967405      6.1045
    0    0   -4        2         25.5702        3.48367500      0.8745
   -3    0   -2       12         26.3016        3.38842889      4.1625
   -4    2    0        6         26.5413        3.35837500      1.7968
   -1    0   -4       12         26.7123        3.33726435      4.3508
   -4    2   -1       12         27.3158        3.26489285      3.4317
   -4    1    0       12         27.6461        3.22662233      2.8019
   -3    1   -2       24         27.9409        3.19324708      7.6611
   -4    1   -1       24         28.3927        3.14345168      5.4363
   -2    1   -4       12         28.8708        3.09247596      3.2312
   -4    2   -2       12         29.5266        3.02526900      2.9760
   -2    0   -4       12         29.8964        2.98868788      2.8525
   -3    0   -2       12         30.0182        2.97683836      2.8819
   -4    1   -2       24         30.5321        2.92789318      4.8947
   -4    0    0        6         30.7414        2.90843807      0.7986
   -4    0   -1       12         31.4208        2.84708443      1.6109
    0    0   -5        2         32.1170        2.78694000      0.2929
   -3    1   -4       24         32.7985        2.73057436      4.4247
   -4    2   -2       12         32.9106        2.72152854      2.3452
   -1    0   -5       12         33.0513        2.71025765      1.5772
   -4    0   -2       12         33.3844        2.68397629      1.5887
   -5    2    0       12         33.5777        2.66896581      1.5330
   -4    1   -2       24         33.8254        2.64998407      4.0269
   -5    2   -1       24         34.2067        2.62131712      3.0893
   -3    0   -4       12         34.6121        2.59153766      1.8621
   -2    1   -5       12         34.8533        2.57414989      1.3840
   -5    1    0       12         35.3561        2.53869287      1.0230
   -2    0   -5       12         35.7244        2.51335989      1.3215
   -5    1   -1       24         35.9577        2.49758214      2.1054
   -5    2   -2       24         36.0357        2.49235778      3.0589
   -4    0   -2       12         36.4486        2.46506752      1.4487
   -4    2   -4       12         37.1867        2.41781329      1.7115
   -5    1   -2       24         37.7129        2.38528439      2.1899
   -4    1   -4       24         38.0115        2.36723070      3.0578
   -3    1   -5       24         38.2341        2.35395626      2.5131
   -5    0    0        6         38.6989        2.32675045      0.3288
    0    0   -5        2         38.7734        2.32245000      0.0908
   -5    2   -2       24         38.9182        2.31414183      2.8334
   -5    0   -1       12         39.2565        2.29497755      0.6853
   -1    0   -5       12         39.5700        2.27751135      0.5489
   -3    0   -5       12         39.8322        2.26312472      1.1696
   -6    3    0        6         40.2814        2.23891667      0.4546
   -4    0   -4       12         40.3998        2.23262877      1.2087
   -5    1   -2       24         40.4935        2.22767598      2.1459
   -6    3   -1       12         40.8209        2.21056505      0.9201
   -5    0   -2       12         40.8909        2.20694030      0.7384
   -6    2    0       12         41.0536        2.19857252      0.7684
   -2    1   -5       12         41.1245        2.19494328      0.6014
   -6    2   -1       24         41.5848        2.17170795      1.5618
   -2    0   -5       12         41.8839        2.15689012      0.6285
   -4    2   -5       12         42.1341        2.14465847      1.1933
   -6    3   -2       12         42.4053        2.13156508      0.9309
   -5    2   -4       24         42.6764        2.11865189      2.4214
   -4    1   -5       24         42.8788        2.10911955      2.2042
   -6    2   -2       24         43.1463        2.09666259      1.5987
   -6    1    0       12         43.3020        2.08948359      0.5542
   -5    0   -2       12         43.5020        2.08033787      0.7611
   -6    1   -1       24         43.8110        2.06638197      1.1281
   -3    1   -5       24         44.0978        2.05360487      1.4589
   -5    1   -4       24         44.1409        2.05169974      1.9319
   -6    3   -2       12         44.9450        2.01684600      0.9030
   -4    0   -5       12         45.0534        2.01224603      0.9423
   -6    1   -2       24         45.3106        2.00141933      1.1656
   -3    0   -5       12         45.5258        1.99245859      0.7394
    0    0   -7        2         45.5690        1.99067143      0.0251
   -6    2   -2       24         45.6529        1.98720508      1.5765
   -1    0   -7       12         46.2694        1.96215350      0.1927
   -6    0    0        6         46.8557        1.93895871      0.2367
   -5    0   -4       12         46.9607        1.93487030      0.7241
   -5    2   -5       24         47.1485        1.92760151      1.9355
   -6    0   -1       12         47.3346        1.92045626      0.4733
   -7    3    0       12         47.5416        1.91257709      0.5564
   -4    2   -5       12         47.6047        1.91018646      0.8175
   -2    1   -7       12         47.6465        1.90861150      0.2866
   -6    1   -2       24         47.7276        1.90555576      1.1749
   -7    3   -1       24         48.0152        1.89481280      1.1099
   -4    1   -5       24         48.2824        1.88494683      1.5500
   -6    3   -4       12         48.3226        1.88347327      0.8217
   -2    0   -7       12         48.3237        1.88343343      0.3281
   -5    1   -5       24         48.5064        1.87676650      1.6127
   -6    0   -2       12         48.7495        1.86797346      0.4714
   -7    2    0       12         48.8912        1.86289127      0.4819
   -6    2   -4       24         48.9929        1.85926453      1.4601
   -7    2   -1       24         49.3551        1.84646409      0.9569
   -7    3   -2       24         49.4154        1.84435004      1.0937
   -4    0   -5       12         50.2744        1.81483702      0.7032
   -3    1   -7       24         50.3144        1.81348617      0.8940
   -7    2   -2       24         50.7278        1.79967313      0.9351
   -6    1   -4       24         50.9642        1.79188108      1.1215
   -6    0   -2       12         51.0424        1.78931753      0.4625
   -5    0   -5       12         51.1409        1.78610302      0.6356
   -7    1    0       12         51.5112        1.77413059      0.4408
   -3    0   -7       12         51.6101        1.77096397      0.4810
   -7    3   -2       24         51.6866        1.76852201      1.0487
   -7    1   -1       24         51.9579        1.75992398      0.8650
   -5    2   -5       24         52.2103        1.75201013      1.4743
   -6    3   -5       12         52.4219        1.74543556      0.7012
    0    0   -8        2         52.5384        1.74183750      0.0104
   -7    2   -2       24         52.9582        1.72901743      0.8936
   -6    2   -5       24         53.0541        1.72611656      1.2660
   -1    0   -8       12         53.1697        1.72263642      0.0981
   -7    1   -2       24         53.2821        1.71926816      0.8219
   -5    1   -5       24         53.4731        1.71357800      1.2702
   -4    2   -7       12         53.5114        1.71244074      0.5588
   -6    0   -4       12         54.1338        1.69421445      0.4381
   -4    1   -7       24         54.1348        1.69418545      1.0793
   -2    1   -8       12         54.4170        1.68606537      0.1719
   -8    4    0        6         54.6584        1.67918750      0.2053
   -7    3   -4       24         54.7523        1.67652990      0.9648
   -6    1   -5       24         54.9204        1.67179457      1.0022
   -2    0   -8       12         55.0333        1.66863217      0.2043
   -8    4   -1       12         55.0872        1.66712677      0.4023
   -8    3    0       18         55.2729        1.66196461      0.6068
   -7    1   -2       24         55.4400        1.65735129      0.7639
   -8    3   -1       36         55.6986        1.65026863      1.1834
   -5    0   -5       12         55.9393        1.64373847      0.5213
   -7    2   -4       24         55.9755        1.64276104      0.8255
   -4    0   -7       12         55.9764        1.64273460      0.5099
   -8    4   -2       12         56.3606        1.63244643      0.3790
   -3    1   -8       24         56.8555        1.61940801      0.5882
   -8    3   -2       36         56.9629        1.61660877      1.1029
   -8    2    0       12         57.0900        1.61331117      0.3748
   -6    3   -5       12         57.1455        1.61187553      0.5657
   -8    2   -1       24         57.5068        1.60260609      0.7280
   -6    2   -5       24         57.7425        1.59662354      1.0345
   -5    2   -7       24         57.7790        1.59570349      1.0831
   -6    0   -5       12         57.9403        1.59164297      0.3940
   -3    0   -8       12         58.0494        1.58891324      0.3242
   -7    1   -4       24         58.3709        1.58092536      0.6937
   -8    4   -2       12         58.4423        1.57916397      0.3443
   -7    3   -5       24         58.5322        1.57695295      0.8454
   -8    2   -2       24         58.7459        1.57172584      0.6713
   -5    1   -7       24         58.9609        1.56650451      0.9564
   -8    3   -2       36         59.0310        1.56481368      0.9930
   -6    1   -5       24         59.5107        1.55334082      0.8406
   -7    2   -5       24         59.7048        1.54875327      0.7296
    0    0   -9        2         59.7241        1.54830000      0.0121
   -4    2   -8       12         59.8118        1.54623798      0.3828
   -8    1    0       12         60.0391        1.54092813      0.3725
   -1    0   -9       12         60.3050        1.53476766      0.0929
   -4    1   -8       24         60.3923        1.53275917      0.7476
   -8    1   -1       24         60.4431        1.53159213      0.7198
   -8    2   -2       24         60.7758        1.52400187      0.5960
   -8    4   -4       12         61.2815        1.51263450      0.3023
   -5    0   -7       12         61.2824        1.51261386      0.4049
   -2    1   -9       12         61.4570        1.50873446      0.1351
   -8    1   -2       24         61.6456        1.50457045      0.6543
   -8    3   -4       36         61.8537        1.50000843      0.8697
   -7    1   -5       24         62.0095        1.49661402      0.6095
   -2    0   -9       12         62.0283        1.49620499      0.1539
   -4    0   -8       12         62.1141        1.49434394      0.3616
   -9    3    0       12         62.3364        1.48954934      0.3252
   -6    0   -5       12         62.3890        1.48841918      0.3347
   -6    3   -7       12         62.4238        1.48767371      0.4353
   -9    3   -1       24         62.7316        1.48111139      0.6307
   -7    3   -5       24         62.9554        1.47638507      0.7053
   -6    2   -7       24         62.9900        1.47565752      0.8041
   -9    2    0       12         63.4668        1.46571501      0.3047
   -8    2   -4       24         63.5525        1.46394659      0.5151
   -8    1   -2       24         63.6204        1.46254765      0.5694
   -3    1   -9       24         63.7244        1.46041029      0.4148
   -5    2   -8       24         63.8090        1.45867948      0.7728
   -9    2   -1       24         63.8582        1.45767350      0.5894
   -9    3   -2       24         63.9092        1.45663273      0.5761
   -8    0    0        6         64.0279        1.45421903      0.1716
   -7    2   -5       24         64.0798        1.45316734      0.6148
   -8    0   -1       12         64.4174        1.44636425      0.3312
   -6    1   -7       24         64.6720        1.44128399      0.6679
   -8    4   -5       12         64.8231        1.43828980      0.2571
   -3    0   -9       12         64.8415        1.43792674      0.2262
   -5    1   -8       24         64.9252        1.43627456      0.6949
   -9    2   -2       24         65.0245        1.43432056      0.5351
   -8    3   -5       36         65.3779        1.42742240      0.7414
   -8    0   -2       12         65.5784        1.42354221      0.2994
   -9    1    0       12         65.6955        1.42128905      0.2897
   -9    3   -2       24         65.8462        1.41840049      0.4987
   -9    1   -1       24         66.0797        1.41395322      0.5591
   -7    1   -5       24         66.2973        1.40983935      0.5147
   -8    1   -4       24         66.3301        1.40922247      0.4822
   -4    2   -9       12         66.4982        1.40606726      0.2635
   -9    2   -2       24         66.9445        1.39777506      0.4602
   -8    2   -5       24         67.0277        1.39624108      0.4351
   -4    1   -9       24         67.0458        1.39590893      0.5169
   -5    0   -8       12         67.1281        1.39439725      0.3015
    0    0  -10        2         67.1787        1.39347000      0.0167
   -9    1   -2       24         67.2258        1.39260902      0.5048
   -6    0   -7       12         67.4253        1.38897319      0.2705
   -8    0   -2       12         67.4903        1.38779413      0.2577
   -1    0  -10       12         67.7236        1.38358036      0.1065
   -7    3   -7       24         67.9692        1.37917831      0.5635
   -6    3   -8       12         68.2161        1.37478703      0.3224
   -9    3   -4       24         68.5101        1.36960309      0.4131
   -4    0   -9       12         68.6756        1.36670606      0.2524
   -6    2   -8       24         68.7570        1.36528718      0.6007
   -2    1  -10       12         68.8070        1.36441676      0.1228
   -9    0    0       12         68.9678        1.36162771      0.2727
   -8    4   -5       12         69.0177        1.36076427      0.2124
   -7    2   -7       24         69.0507        1.36019456      0.4963
   -9    1   -2       24         69.1150        1.35908722      0.4318
   -9    0   -1       24         69.3431        1.35517335      0.5266
   -2    0  -10       12         69.3457        1.35512882      0.1305
   -8    3   -5       36         69.5557        1.35155022      0.6155
   -9    2   -4       24         69.5877        1.35100671      0.3799
   -8    1   -5       24         69.7343        1.34852509      0.4010
  -10    5    0        6         70.0422        1.34335000      0.1320
   -8    0   -4       12         70.1237        1.34198815      0.2150
   -5    2   -9       24         70.2875        1.33926249      0.5400
   -6    1   -8       24         70.3680        1.33792730      0.5091
  -10    5   -1       12         70.4149        1.33715091      0.2558
   -9    0   -2       24         70.4635        1.33634741      0.4761
  -10    4    0       12         70.5766        1.33448291      0.2492
  -10    4   -1       24         70.9481        1.32840521      0.4824
   -3    1  -10       24         70.9507        1.32836327      0.3104
   -8    2   -5       24         71.1586        1.32499203      0.3599
   -7    1   -7       24         71.1912        1.32446606      0.4194
   -5    1   -9       24         71.3530        1.32185935      0.4920
  -10    5   -2       12         71.5279        1.31905620      0.2327
   -9    1   -4       24         71.7210        1.31597893      0.3555
   -9    3   -5       24         71.8657        1.31368505      0.3322
   -3    0  -10       12         72.0120        1.31137624      0.1634
  -10    4   -2       24         72.0576        1.31065856      0.4380
  -10    3    0       12         72.1697        1.30889939      0.2213
   -9    0   -2       24         72.3140        1.30664228      0.4081
  -10    3   -1       24         72.5377        1.30316310      0.4279
   -9    2   -5       24         72.9216        1.29724803      0.3056
   -6    0   -8       12         73.0183        1.29576883      0.2107
   -9    0    0        6         73.2238        1.29263914      0.1152
  -10    5   -2       12         73.3673        1.29046496      0.1994
   -8    0   -5       12         73.4473        1.28925756      0.1764
   -5    0   -9       12         73.4646        1.28899605      0.2179
   -7    3   -8       24         73.5437        1.28780550      0.4355
   -9    0   -1       12         73.5898        1.28711309      0.2229
   -4    2  -10       12         73.5923        1.28707494      0.1839
  -10    3   -2       24         73.6375        1.28639641      0.3874
   -8    1   -5       24         73.7972        1.28400768      0.3294
   -8    4   -7       12         73.8293        1.28352900      0.1717
  -10    4   -2       24         73.8917        1.28259843      0.3744
   -4    1  -10       24         74.1162        1.27926986      0.3603
   -8    3   -7       36         74.3525        1.27578787      0.5006
   -6    3   -9       12         74.5116        1.27345764      0.2327
   -7    2   -8       24         74.5903        1.27230959      0.3884
   -9    0   -2       12         74.6836        1.27095071      0.2028
  -10    2    0       12         74.7942        1.26934644      0.1985
   -9    0   -4       24         74.8736        1.26819729      0.3375
    0    0  -11        2         74.9710        1.26679091      0.0197
   -9    1   -5       24         75.0159        1.26614394      0.2867
   -6    2   -9       24         75.0331        1.26589624      0.4369
  -10    2   -1       24         75.1573        1.26411257      0.3841
  -10    3   -2       24         75.4570        1.25983484      0.3305
   -1    0  -11       12         75.4914        1.25934695      0.1158
   -4    0  -10       12         75.6798        1.25667994      0.1755
   -9    3   -5       24         75.8826        1.25382442      0.2639
  -10    5   -4       12         75.9136        1.25339044      0.1621
   -8    2   -7       24         75.9144        1.25337870      0.2936
  -10    2   -2       24         76.2432        1.24879107      0.3488
  -10    4   -4       24         76.4318        1.24617889      0.3041
   -9    0   -2       12         76.4943        1.24531564      0.1753
   -2    1  -11       12         76.5285        1.24484442      0.1157
   -6    1   -9       24         76.5902        1.24399542      0.3779
   -7    1   -8       24         76.6682        1.24292515      0.3337
   -9    2   -5       24         76.9181        1.23950968      0.2438
   -2    0  -11       12         77.0454        1.23777855      0.1163
   -5    2  -10       24         77.2326        1.23524597      0.3748
   -8    0   -5       12         77.4341        1.23253376      0.1441
  -10    3   -4       24         77.9798        1.22526890      0.2691
  -10    2   -2       24         78.0420        1.22444835      0.3000
   -9    0   -5       24         78.1203        1.22341679      0.2743
   -5    1  -10       24         78.2624        1.22155130      0.3446
  -11    5    0       24         78.4156        1.21954861      0.3664
   -8    1   -7       24         78.4946        1.21851858      0.2696
   -3    1  -11       24         78.5898        1.21728168      0.2445
  -11    5   -1       48         78.7734        1.21490468      0.7122
   -9    1   -5       24         78.9763        1.21229211      0.2306
   -9    0   -4       12         79.0069        1.21189984      0.1463
  -10    5   -5       12         79.1468        1.21010760      0.1273
   -6    0   -9       12         79.1638        1.20989135      0.1607
   -8    4   -8       12         79.2410        1.20890665      0.1374
  -11    4    0       12         79.4411        1.20636391      0.1716
   -3    0  -11       12         79.6147        1.20416958      0.1230
  -10    4   -5       24         79.6588        1.20361385      0.2391
   -7    3   -9       24         79.6757        1.20340106      0.3305
   -8    3   -8       36         79.7527        1.20243211      0.4037
  -11    4   -1       24         79.7976        1.20186842      0.3336
  -11    5   -2       48         79.8442        1.20128485      0.6547
   -5    0  -10       12         80.3110        1.19547515      0.1553
  -10    2   -4       24         80.5408        1.19264220      0.2478
   -9    3   -7       24         80.5417        1.19263208      0.2115
   -7    2   -9       24         80.6970        1.19072779      0.2992
  -11    4   -2       24         80.8650        1.18867763      0.3064
   -4    2  -11       12         81.1458        1.18527241      0.1322
  -10    3   -5       24         81.1897        1.18474242      0.2133
   -8    2   -8       24         81.2832        1.18361535      0.2393
   -6    3  -10       12         81.3304        1.18304808      0.1664
  -11    3    0       12         81.4821        1.18122857      0.1467
   -9    2   -7       24         81.5604        1.18029255      0.1968
  -11    5   -2       48         81.6211        1.17956881      0.5721
   -4    1  -11       24         81.6547        1.17916834      0.2575
  -11    3   -1       24         81.8366        1.17700730      0.2853
   -6    2  -10       24         81.8391        1.17697813      0.3146
   -9    0   -5       24         82.0377        1.17463120      0.2234
   -8    0   -7       12         82.0688        1.17426470      0.1187
   -9    0   -5       12         82.2068        1.17264370      0.1204
  -11    4   -2       24         82.6371        1.16762631      0.2669
   -7    1   -9       24         82.7311        1.16653787      0.2636
  -11    3   -2       24         82.8982        1.16460993      0.2626
  -10    0    0        6         83.0057        1.16337523      0.0688
  -10    5   -5       12         83.0527        1.16283655      0.0992
   -4    0  -11       12         83.1776        1.16140684      0.1240
    0    0  -11        2         83.1936        1.16122500      0.0209
  -10    0   -1       12         83.3589        1.15934183      0.1343
   -6    1  -10       24         83.3614        1.15931395      0.2777
  -10    4   -5       24         83.5593        1.15707092      0.1869
   -9    1   -7       24         83.5903        1.15672060      0.1887
   -1    0  -11       12         83.7001        1.15548319      0.1185
  -10    2   -5       24         83.7278        1.15517108      0.2009
   -8    1   -8       24         83.8208        1.15412624      0.2231
  -11    5   -4       48         84.0956        1.15105411      0.4803
  -10    0   -2       12         84.4171        1.14748878      0.1253
  -11    2    0       12         84.5243        1.14630767      0.1265
  -11    3   -2       24         84.6623        1.14479062      0.2302
   -5    2  -11       24         84.6957        1.14442452      0.2637
   -2    1  -11       12         84.7116        1.14425053      0.1095
  -11    2   -1       24         84.8765        1.14244862      0.2470
  -10    3   -5       24         85.0764        1.14027535      0.1691
  -11    4   -4       24         85.1065        1.13994890      0.2226
   -2    0  -11       12         85.2168        1.13875567      0.1061
   -8    4   -9       12         85.2611        1.13827685      0.1106
   -5    1  -11       24         85.7057        1.13350828      0.2435
   -8    3   -9       36         85.7659        1.13286719      0.3280
   -9    3   -8       24         85.8419        1.13205872      0.1744
   -6    0  -10       12         85.8886        1.13156236      0.1221
  -11    2   -2       24         85.9321        1.13110118      0.2302
   -9    0   -5       12         86.0858        1.12947630      0.0997
  -10    0   -2       12         86.1768        1.12851672      0.1124
   -7    3  -10       24         86.3930        1.12624743      0.2510
   -9    0   -7       24         86.6209        1.12386927      0.1862
   -3    1  -11       24         86.7301        1.12273422      0.2027
   -9    2   -8       24         86.8503        1.12148928      0.1642
  -12    6    0        6         87.0472        1.11945833      0.0676
  -11    3   -4       24         87.1240        1.11866986      0.1946
  -11    5   -5       48         87.2616        1.11725978      0.3950
   -8    2   -9       24         87.2782        1.11708958      0.1980
   -8    0   -8       12         87.3542        1.11631439      0.1002
  -12    6   -1       12         87.3984        1.11586330      0.1326
   -7    2  -10       24         87.4008        1.11583845      0.2311
  -12    5    0       12         87.5510        1.11431137      0.1273
  -10    2   -5       24         87.5977        1.11383799      0.1640
  -10    5   -7       12         87.6285        1.11352548      0.0794
  -11    2   -2       24         87.6886        1.11291769      0.2062
   -5    0  -11       12         87.7218        1.11258131      0.1114
   -3    0  -11       12         87.7377        1.11242145      0.0977
  -12    5   -1       24         87.9020        1.11076554      0.2495
  -10    4   -7       24         88.1320        1.10845955      0.1504
  -11    4   -5       24         88.2688        1.10709577      0.1810
  -12    6   -2       12         88.4513        1.10528253      0.1250
  -11    1    0       12         88.5580        1.10422690      0.1050
  -10    0   -4       12         88.6346        1.10347015      0.0983
   -6    3  -11       12         88.7287        1.10254332      0.1205
   -9    1   -8       24         88.8646        1.10120920      0.1603
  -11    1   -1       24         88.9088        1.10077617      0.2065
  -12    5   -2       24         88.9546        1.10032777      0.2351
  -12    4    0       12         89.0613        1.09928626      0.1115
   -6    2  -11       24         89.2320        1.09762514      0.2291
   -4    2  -11       12         89.2478        1.09747164      0.0999
  -12    4   -1       24         89.4120        1.09588151      0.2186
   -7    1  -10       24         89.4145        1.09585796      0.2101
  -10    3   -7       24         89.6419        1.09366679      0.1386
   -4    1  -11       24         89.7510        1.09262073      0.1929
   -8    1   -9       24         89.7952        1.09219775      0.1895
  -11    1   -2       24         89.9610        1.09061493      0.1967
  -11    2   -4       24         90.1443        1.08887364      0.1798
  -12    6   -2       12         90.2051        1.08829762      0.1136
  -11    3   -5       24         90.2818        1.08757313      0.1616
  -12    4   -2       24         90.4642        1.08585398      0.2063
   -9    0   -7       12         90.6483        1.08412775      0.0851
  -12    5   -2       24         90.7083        1.08356682      0.2136
   -6    1  -11       24         90.7416        1.08325635      0.2062
  -11    5   -5       48         91.1208        1.07973558      0.3268
   -4    0  -11       12         91.2607        1.07844506      0.0911
  -12    3    0       12         91.5774        1.07554078      0.0984
  -11    1   -2       24         91.7150        1.07428740      0.1822
  -10    0   -5       12         91.7916        1.07359052      0.0855
   -9    3   -9       24         91.8083        1.07343950      0.1507
   -9    0   -8       24         91.8841        1.07275162      0.1617
  -12    3   -1       24         91.9283        1.07235129      0.1935
   -8    4  -10       12         91.9308        1.07232923      0.0912
    0    0  -13        2         91.9783        1.07190000      0.0212
  -11    4   -5       24         92.1276        1.07055341      0.1477
  -10    2   -7       24         92.1584        1.07027593      0.1388
  -12    4   -2       24         92.2184        1.06973621      0.1883
   -8    3  -10       36         92.4343        1.06780278      0.2731
   -1    0  -13       12         92.4818        1.06737896      0.1186
  -12    6   -4       12         92.6612        1.06578254      0.1001
   -5    2  -11       24         92.7712        1.06480719      0.1930
   -9    2   -9       24         92.8155        1.06441569      0.1440
  -10    5   -8       12         92.8914        1.06374501      0.0675
  -12    3   -2       24         92.9815        1.06295045      0.1846
  -12    5   -4       24         93.1651        1.06133814      0.1885
   -6    0  -11       12         93.2593        1.06051339      0.0942
  -11    2   -5       24         93.3027        1.06013371      0.1556
   -8    0   -9       12         93.3194        1.05998830      0.0880
  -10    4   -8       24         93.3953        1.05932594      0.1287
   -2    1  -13       12         93.4896        1.05850587      0.1051
  -11    0    0        6         93.5924        1.05761384      0.0417
   -7    3  -11       24         93.7634        1.05613432      0.1950
   -5    1  -11       24         93.7793        1.05599757      0.1781
  -11    0   -1       12         93.9438        1.05458076      0.0828
   -8    2  -10       24         93.9463        1.05455977      0.1690
   -2    0  -13       12         93.9938        1.05415152      0.0997
  -11    3   -5       24         94.1434        1.05287064      0.1357
  -11    1   -4       24         94.1735        1.05261363      0.1661
  -12    4   -4       24         94.6782        1.04833130      0.1680
  -12    3   -2       24         94.7392        1.04781723      0.1717
   -7    2  -11       24         94.7726        1.04753648      0.1827
   -9    1   -9       24         94.8328        1.04703042      0.1435
  -10    3   -8       24         94.9089        1.04639204      0.1211
  -11    0   -2       12         94.9993        1.04563571      0.0811
  -12    2    0       12         95.1063        1.04474179      0.0861
  -12    2   -1       24         95.4586        1.04181781      0.1707
   -3    1  -13       24         95.5087        1.04140396      0.1783
  -10    0   -5       12         95.6586        1.04016894      0.0756
  -11    5   -7       48         95.6895        1.03991441      0.2803
   -5    0  -11       12         95.7992        1.03901501      0.0824
  -12    6   -5       12         95.8269        1.03878806      0.0868
   -9    0   -8       12         95.9198        1.03802808      0.0761
  -12    5   -5       24         96.3329        1.03467161      0.1642
   -8    1  -10       24         96.4729        1.03354244      0.1674
  -12    2   -2       24         96.5165        1.03319099      0.1665
   -3    0  -13       12         96.5206        1.03315810      0.0829
  -13    6    0       12         96.6239        1.03232858      0.0878
  -11    4   -7       24         96.7018        1.03170361      0.1251
  -11    0   -2       12         96.7623        1.03122014      0.0785
   -7    1  -11       24         96.7958        1.03095252      0.1723
   -6    3  -11       12         96.8117        1.03082532      0.0907
  -13    6   -1       24         96.9771        1.02950730      0.1743
  -11    2   -5       24         97.1777        1.02791611      0.1369
  -12    3   -4       24         97.2080        1.02767694      0.1574
   -6    2  -11       24         97.3187        1.02680243      0.1732
  -11    1   -5       24         97.3465        1.02658340      0.1512
  -10    2   -8       24         97.4397        1.02584987      0.1247
  -13    5    0       12         97.6381        1.02429477      0.0827
  -12    4   -5       24         97.8542        1.02260978      0.1486
   -9    0   -9       24         97.8710        1.02247927      0.1484
  -13    5   -1       24         97.9921        1.02153868      0.1641
  -13    6   -2       24         98.0384        1.02118027      0.1708
   -4    2  -13       12         98.0425        1.02114852      0.0811
  -12    2   -2       24         98.2850        1.01927724      0.1603
   -9    3  -10       24         98.5030        1.01760428      0.1382
   -4    1  -13       24         98.5510        1.01723744      0.1552
  -11    3   -7       24         98.7331        1.01584907      0.1185
   -6    1  -11       24         98.8435        1.01501062      0.1586
  -10    5   -9       12         98.8882        1.01467150      0.0622
  -13    5   -2       24         99.0561        1.01340200      0.1608
  -11    0   -4       12         99.2417        1.01200452      0.0753
   -8    4  -11       12         99.3371        1.01128944      0.0786
  -10    4   -9       24         99.3979        1.01083410      0.1196
   -9    2  -10       24         99.5220        1.00990682      0.1342
  -13    3    0       24         99.6742        1.00877426      0.1500
  -12    6   -5       12         99.7215        1.00842300      0.0759
  -13    6   -2       24         99.8136        1.00773989      0.1653
   -8    3  -11       36         99.8474        1.00749014      0.2371
  -13    3   -1       48        100.0301        1.00614124      0.2996
   -8    0  -10       12        100.0326        1.00612302      0.0812
   -4    0  -13       12        100.0808        1.00576845      0.0716
  -12    5   -5       24        100.2324        1.00465579      0.1442
  -10    0   -7       12        100.2637        1.00442645      0.0692
  -12    3   -5       24        100.4026        1.00341141      0.1441
  -12    2   -4       24        100.7747        1.00070967      0.1534
  -13    5   -2       24        100.8366        1.00026249      0.1559
  -10    3   -9       24        100.9316        0.99957795      0.1147
  -11    5   -8       48        101.0088        0.99902245      0.2555
  -13    3   -2       48        101.1005        0.99836419      0.2982
  -11    1   -5       24        101.2567        0.99724632      0.1402
   -8    2  -11       24        101.3833        0.99634411      0.1510
   -6    0  -11       12        101.3994        0.99622929      0.0755
    0    0  -14        2        101.5252        0.99533571      0.0217
   -9    1  -10       24        101.5695        0.99502180      0.1367
   -5    2  -13       24        101.6179        0.99467884      0.1511
  -12    4   -5       24        101.7703        0.99360254      0.1331
  -11    2   -7       24        101.8017        0.99338069      0.1250
   -7    3  -11       24        101.9132        0.99259661      0.1590
   -9    0   -9       12        101.9584        0.99227945      0.0722
  -11    4   -8       24        102.0359        0.99173603      0.1136
   -1    0  -14       12        102.0392        0.99171276      0.1204
  -13    6   -4       24        102.3154        0.98978474      0.1587
  -11    0   -5       12        102.4562        0.98880764      0.0725
   -5    1  -13       24        102.6473        0.98748637      0.1390
  -13    2    0       12        102.7524        0.98676199      0.0771
  -13    3   -2       48        102.8934        0.98579381      0.2962
   -7    2  -11       24        102.9437        0.98544888      0.1515
   -2    1  -14       12        103.0702        0.98458397      0.1046
  -13    2   -1       24        103.1123        0.98429718      0.1541
  -13    5   -4       24        103.3476        0.98269716      0.1503
  -10    2   -9       24        103.5060        0.98162540      0.1205
   -2    0  -14       12        103.5874        0.98107675      0.0981
   -8    1  -11       24        103.9623        0.97856216      0.1555
  -12    2   -5       24        104.0070        0.97826385      0.1475
  -11    3   -8       24        104.1023        0.97762903      0.1106
  -13    2   -2       24        104.1951        0.97701214      0.1539
  -12    3   -5       24        104.3532        0.97596439      0.1341
  -12    6   -7       12        104.3851        0.97575414      0.0685
   -9    0  -10       24        104.6699        0.97387898      0.1449
   -5    0  -13       12        104.7189        0.97355741      0.0647
  -12    5   -7       24        104.9051        0.97234011      0.1310
   -7    1  -11       24        105.0180        0.97160477      0.1483
   -3    1  -14       24        105.1457        0.97077577      0.1686
  -12    0    0        6        105.3462        0.96947936      0.0294
  -13    3   -4       48        105.4256        0.96896709      0.2945
  -13    6   -5       24        105.5683        0.96805030      0.1523
  -10    0   -8       12        105.6643        0.96743515      0.0666
  -12    0   -1       12        105.7102        0.96714150      0.0599
  -10    5  -10       12        105.7127        0.96712532      0.0626
   -6    3  -13       12        105.7620        0.96681039      0.0731
  -11    1   -7       24        105.9491        0.96561819      0.1342
  -13    2   -2       24        106.0116        0.96522177      0.1539
   -9    3  -11       24        106.0462        0.96500230      0.1357
   -3    0  -14       12        106.1909        0.96408602      0.0765
  -10    4  -10       24        106.2361        0.96380075      0.1214
   -6    2  -13       24        106.2855        0.96348906      0.1399
  -11    0   -5       12        106.4410        0.96251077      0.0710
  -12    4   -7       24        106.4732        0.96230909      0.1235
  -13    5   -5       24        106.6157        0.96141635      0.1454
  -12    0   -2       12        106.8062        0.96022813      0.0627
  -14    7    0       18        106.9176        0.95953571      0.1008
   -9    2  -11       24        107.0962        0.95843040      0.1337
  -11    5   -9       48        107.1590        0.95804276      0.2513
  -11    2   -8       24        107.2383        0.95755364      0.1206
  -14    7   -1       36        107.2846        0.95726889      0.2038
  -14    6    0       12        107.4443        0.95628855      0.0613
   -8    0  -11       12        107.6234        0.95519440      0.0793
   -8    4  -11       12        107.6400        0.95509323      0.0722
   -4    2  -14       12        107.7694        0.95430575      0.0724
  -14    6   -1       24        107.8124        0.95404461      0.1241
  -10    3  -10       24        107.8149        0.95402907      0.1183
   -6    1  -13       24        107.8648        0.95372676      0.1301
  -12    2   -5       24        108.0216        0.95277788      0.1439
   -8    3  -11       36        108.1688        0.95189080      0.2187
  -11    4   -9       24        108.2153        0.95161108      0.1128
   -4    1  -14       24        108.2985        0.95111121      0.1373
  -14    7   -2       36        108.3900        0.95056363      0.2098
  -13    2   -4       24        108.5832        0.94941004      0.1548
  -12    0   -2       12        108.6474        0.94902814      0.0667
  -13    3   -5       48        108.7283        0.94854760      0.2946
   -9    0  -10       12        108.8752        0.94767735      0.0730
  -14    6   -2       24        108.9210        0.94740640      0.1283
  -14    5    0       12        109.0338        0.94674133      0.0639
  -12    3   -7       24        109.1158        0.94625920      0.1288
   -9    1  -11       24        109.2145        0.94567960      0.1391
  -14    5   -1       24        109.4052        0.94456378      0.1288
  -13    6   -5       24        109.6165        0.94333439      0.1479
   -8    2  -11       24        109.7650        0.94247341      0.1437
  -12    6   -8       12        109.8926        0.94173664      0.0656
   -4    0  -14       12        109.8961        0.94171671      0.0621
  -14    7   -2       36        110.2483        0.93969463      0.2190
  -11    3   -9       24        110.3478        0.93912700      0.1118
  -12    5   -8       24        110.4287        0.93866627      0.1261
  -10    2  -10       24        110.4784        0.93838325      0.1256
  -14    5   -2       24        110.5247        0.93812019      0.1319
   -6    0  -13       12        110.5291        0.93809557      0.0648
  -13    5   -5       24        110.6885        0.93719254      0.1424
  -14    6   -2       24        110.7856        0.93664412      0.1348
   -7    3  -13       24        111.0673        0.93506056      0.1399
  -12    0   -4       12        111.2595        0.93398673      0.0714
  -11    0   -7       12        111.2604        0.93398187      0.0713
  -11    1   -8       24        111.5064        0.93261455      0.1341
   -5    2  -14       24        111.5099        0.93259520      0.1306
  -14    4    0       12        111.7179        0.93144564      0.0706
  -13    2   -5       24        111.9486        0.93017804      0.1570
  -10    0   -9       12        111.9665        0.93007982      0.0677
  -12    4   -8       24        112.0483        0.92963226      0.1210
  -14    4   -1       24        112.0960        0.92937170      0.1422
   -7    2  -13       24        112.1498        0.92907788      0.1354
    0    0  -14        2        112.1678        0.92898000      0.0230
  -13    0    0       12        112.2606        0.92847451      0.0582
  -14    5   -2       24        112.4092        0.92766783      0.1374
   -9    0  -11       24        112.4452        0.92747299      0.1511
   -8    1  -11       24        112.4623        0.92738037      0.1538
   -5    1  -14       24        112.5957        0.92665942      0.1196
  -13    0   -1       24        112.6401        0.92642032      0.1194
   -1    0  -14       12        112.7122        0.92603233      0.1275
  -13    3   -5       48        112.8560        0.92526033      0.2986
  -14    7   -4       36        112.8885        0.92508589      0.2310
  -12    2   -7       24        112.8894        0.92508117      0.1442
  -14    4   -2       24        113.2362        0.92323204      0.1453
  -14    6   -4       24        113.4358        0.92217502      0.1433
  -10    5  -11       12        113.5384        0.92163386      0.0685
  -11    2   -9       24        113.6039        0.92128916      0.1239
  -13    0   -2       24        113.7850        0.92033858      0.1276
   -2    1  -14       12        113.8076        0.92022020      0.1102
  -10    4  -11       24        114.0884        0.91875536      0.1338
  -11    5  -10       48        114.2885        0.91771823      0.2678
   -7    1  -13       24        114.3405        0.91744913      0.1376
   -2    0  -14       12        114.3588        0.91735488      0.1030
  -13    6   -7       24        114.5383        0.91643018      0.1472
   -9    3  -11       24        114.6582        0.91581446      0.1437
  -12    0   -5       12        114.6886        0.91565904      0.0767
  -12    3   -8       24        114.7903        0.91513841      0.1295
   -5    0  -14       12        114.7939        0.91512013      0.0562
  -14    5   -4       24        115.0917        0.91360456      0.1451
  -14    4   -2       24        115.1589        0.91326424      0.1509
  -11    4  -10       24        115.3975        0.91206030      0.1228
  -14    3    0       12        115.5637        0.91122580      0.0746
  -13    5   -7       24        115.6495        0.91079590      0.1430
  -13    0   -2       24        115.7161        0.91046321      0.1399
  -10    3  -11       24        115.7530        0.91027901      0.1321
   -9    2  -11       24        115.7706        0.91019145      0.1434
   -6    3  -14       12        115.9076        0.90950982      0.0652
  -14    3   -1       24        115.9531        0.90928374      0.1509
   -3    1  -14       24        116.0271        0.90891689      0.1739
  -13    2   -5       24        116.1747        0.90818687      0.1614
   -8    0  -11       12        116.3307        0.90741851      0.0827
  -14    7   -5       36        116.3615        0.90726733      0.2455
  -12    6   -9       12        116.3800        0.90717618      0.0676
   -6    2  -14       24        116.4683        0.90674309      0.1252
   -9    0  -11       12        116.8758        0.90475674      0.0789
  -14    6   -5       24        116.9244        0.90452095      0.1536
  -12    5   -9       24        116.9431        0.90443063      0.1307
  -11    0   -8       12        117.0282        0.90401907      0.0739
  -14    3   -2       24        117.1292        0.90353123      0.1560
   -8    4  -13       12        117.1338        0.90350924      0.0723
   -3    0  -14       12        117.1525        0.90341922      0.0780
  -11    3  -10       24        117.6471        0.90105144      0.1230
   -8    3  -13       36        117.7007        0.90079674      0.2189
  -14    4   -4       24        117.9033        0.89983656      0.1593
  -13    3   -7       48        117.9042        0.89983222      0.3091
   -9    1  -11       24        118.0277        0.89924932      0.1519
  -11    1   -9       24        118.0778        0.89901348      0.1408
   -6    1  -14       24        118.1674        0.89859196      0.1183
  -13    0   -4       24        118.4742        0.89715691      0.1554
  -10    2  -11       24        118.5812        0.89665859      0.1412
  -14    5   -5       24        118.6307        0.89642907      0.1551
  -12    4   -9       24        118.6496        0.89634115      0.1271
  -12    2   -8       24        118.7360        0.89594054      0.1495
   -4    2  -14       12        118.8624        0.89535661      0.0725
  -15    7    0       18        118.9606        0.89490402      0.0796
  -12    0   -5       12        119.0139        0.89465876      0.0830
  -14    3   -2       24        119.1178        0.89418165      0.1646
  -15    7   -1       36        119.3622        0.89306425      0.1649
  -10    0  -10       12        119.3650        0.89305151      0.0732
   -8    2  -13       24        119.4194        0.89280353      0.1484
   -4    1  -14       24        119.4385        0.89271667      0.1370
  -15    6    0       12        120.1173        0.88965527      0.0571
  -13    6   -8       24        120.4723        0.88807478      0.1524
  -15    6   -1       24        120.5236        0.88784762      0.1171
  -15    7   -2       36        120.5768        0.88761229      0.1818
  -14    2    0       12        120.7008        0.88706529      0.0692
  -14    7   -5       36        120.7550        0.88682642      0.2636
   -6    0  -14       12        121.0617        0.88548198      0.0617
  -14    2   -1       24        121.1095        0.88527335      0.1416
  -11    2  -10       24        121.1124        0.88526094      0.1368
   -4    0  -14       12        121.1872        0.88493478      0.0614
  -14    6   -5       24        121.3423        0.88426100      0.1662
  -13    2   -7       24        121.3784        0.88410461      0.1693
   -9    0  -11       24        121.5063        0.88355174      0.1691
  -14    4   -5       24        121.5386        0.88341217      0.1705
  -12    3   -9       24        121.5581        0.88332802      0.1382
  -13    5   -8       24        121.6471        0.88294460      0.1493
   -7    3  -14       24        121.6510        0.88292818      0.1372
  -15    6   -2       24        121.7529        0.88249007      0.1261
  -14    3   -4       24        121.9687        0.88156676      0.1769
  -13    0   -5       24        122.1309        0.88087618      0.1736
  -14    2   -2       24        122.3466        0.87996199      0.1507
   -8    1  -13       24        122.3514        0.87994167      0.1650
  -15    5    0       12        122.4729        0.87942901      0.0673
  -15    7   -2       36        122.6360        0.87874344      0.2084
  -11    5  -11       48        122.6755        0.87857782      0.3095
  -10    5  -11       12        122.6943        0.87849909      0.0812
   -7    2  -14       24        122.8409        0.87788617      0.1349
  -15    5   -1       24        122.8896        0.87768286      0.1368
   -5    2  -14       24        122.9689        0.87735292      0.1294
  -14    5   -5       24        123.1270        0.87669630      0.1678
  -10    4  -11       24        123.2942        0.87600506      0.1598
  -15    6   -2       24        123.8392        0.87377237      0.1410
  -11    4  -11       24        123.8793        0.87360955      0.1462
  -11    0   -9       12        123.9516        0.87331596      0.0798
  -13    3   -8       48        124.0431        0.87294542      0.3302
  -12    6  -10       12        124.0994        0.87271778      0.0758
  -15    5   -2       24        124.1518        0.87250615      0.1436
   -5    1  -14       24        124.1768        0.87240529      0.1187
  -12    0   -7       12        124.3745        0.87160985      0.0910
  -14    2   -2       24        124.4472        0.87131827      0.1654
    0    0  -16        2        124.5471        0.87091875      0.0260
  -12    5  -10       24        124.7092        0.87027253      0.1476
   -9    3  -13       24        124.7670        0.87004304      0.1658
  -10    3  -11       24        125.1196        0.86864852      0.1596
   -1    0  -16       12        125.1603        0.86848855      0.1446
   -7    1  -14       24        125.2705        0.86805597      0.1425
  -15    7   -4       36        125.6019        0.86676209      0.2436
  -14    3   -5       24        125.7711        0.86610570      0.1931
  -12    2   -9       24        125.7916        0.86602640      0.1626
  -11    1  -10       24        125.9427        0.86544306      0.1571
   -9    2  -13       24        126.0014        0.86521737      0.1675
  -15    4    0       12        126.1283        0.86473000      0.0813
  -14    4   -5       24        126.1860        0.86450871      0.1854
  -14    7   -7       36        126.2242        0.86436257      0.2878
  -15    5   -2       24        126.2986        0.86407820      0.1554
  -11    3  -11       24        126.3399        0.86392074      0.1475
   -9    0  -11       12        126.3595        0.86384589      0.0921
   -2    1  -16       12        126.4008        0.86368855      0.1260
  -15    4   -1       24        126.5637        0.86306978      0.1645
  -12    4  -10       24        126.5667        0.86305828      0.1450
   -8    0  -13       12        126.6258        0.86283445      0.0938
   -5    0  -14       12        126.6466        0.86275605      0.0567
  -13    0   -5       24        126.8120        0.86213163      0.1955
  -15    6   -4       24        126.8495        0.86199051      0.1617
  -14    6   -7       24        126.8505        0.86198669      0.1827
   -2    0  -16       12        127.0286        0.86131821      0.1180
  -14    1    0       12        127.3844        0.85999171      0.0600
  -14    2   -4       24        127.4809        0.85963408      0.1855
  -13    6   -9       24        127.6753        0.85891638      0.1667
  -13    2   -8       24        127.7712        0.85856386      0.1838
  -14    1   -1       24        127.8271        0.85835859      0.1249
  -15    4   -2       24        127.8851        0.85814593      0.1708
   -6    3  -14       12        127.9114        0.85804996      0.0675
  -10    0  -11       12        128.2374        0.85686203      0.0853
  -10    2  -11       24        128.2575        0.85678900      0.1723
   -8    4  -14       12        128.4147        0.85622037      0.0810
   -9    1  -13       24        128.5307        0.85580212      0.1809
   -6    2  -14       24        128.5519        0.85572562      0.1303
  -14    5   -7       24        128.7612        0.85497490      0.1850
   -3    1  -16       24        128.9439        0.85432259      0.2009
  -13    5   -9       24        128.9580        0.85427251      0.1648
   -8    3  -14       36        129.0598        0.85391082      0.2454
  -14    1   -2       24        129.1716        0.85351448      0.1391
  -15    5   -4       24        129.4084        0.85267909      0.1730
  -15    7   -5       36        129.5865        0.85205414      0.2874
  -12    3  -10       24        129.7672        0.85142321      0.1590
  -15    4   -2       24        130.1423        0.85012352      0.1824
  -11    2  -11       24        130.1858        0.84997357      0.1643
   -3    0  -16       12        130.2500        0.84975244      0.0907
   -6    1  -14       24        130.5092        0.84886430      0.1261
  -14    3   -5       24        130.6839        0.84826955      0.2147
  -15    6   -5       24        130.9051        0.84752011      0.1885
  -12    0   -8       12        131.0275        0.84710722      0.1022
   -8    2  -14       24        131.0318        0.84709272      0.1718
  -15    3    0       12        131.2887        0.84623096      0.0891
  -14    1   -2       24        131.4719        0.84562008      0.1621
  -14    2   -5       24        131.5742        0.84528007      0.2117
  -13    3   -9       48        131.5965        0.84520636      0.3704
  -15    3   -1       24        131.7571        0.84467484      0.1811
  -14    4   -7       24        132.0661        0.84365946      0.2067
   -4    2  -16       12        132.2581        0.84303269      0.0848
  -11    0  -10       12        132.4386        0.84244653      0.0914
   -9    0  -13       24        132.5029        0.84223835      0.2081
  -13    0   -7       24        132.7476        0.84144981      0.2239
  -11    5  -11       48        132.8963        0.84097311      0.3928
   -4    1  -16       24        132.9417        0.84082795      0.1611
  -14    7   -8       36        133.0603        0.84044954      0.3244
  -15    3   -2       24        133.1836        0.84005750      0.1902
  -16    8    0        6        133.3301        0.83959375      0.0325
  -15    4   -4       24        133.4355        0.83926096      0.2005
  -12    6  -11       12        133.5652        0.83885298      0.0940
  -15    5   -5       24        133.6251        0.83866504      0.1975
  -14    6   -8       24        133.7529        0.83826495      0.2072
  -16    8   -1       12        133.8142        0.83807390      0.0682
  -10    5  -13       12        133.8833        0.83785842      0.1059
   -6    0  -14       12        133.9064        0.83778663      0.0696
  -16    6    0       12        134.0258        0.83741581      0.0672
  -12    5  -11       24        134.2637        0.83668078      0.1842
  -11    4  -11       24        134.2858        0.83661279      0.1920
   -8    1  -14       24        134.4582        0.83608337      0.1996
  -16    6   -1       24        134.5156        0.83590773      0.1403
  -12    2  -10       24        134.5190        0.83589728      0.1899
  -10    4  -13       24        134.5856        0.83569392      0.2100
   -7    3  -14       24        134.6090        0.83562269      0.1582
  -15    7   -5       36        134.7955        0.83505531      0.3429
  -14    1   -4       24        134.8378        0.83492707      0.1939
   -4    0  -16       12        135.0400        0.83431609      0.0734
  -16    8   -2       12        135.2907        0.83356338      0.0780
  -15    3   -2       24        135.6388        0.83252738      0.2067
  -11    1  -11       24        135.6864        0.83238654      0.1915
  -13    2   -9       24        135.7723        0.83213257      0.2113
  -14    5   -8       24        135.8811        0.83181200      0.2121
  -16    6   -2       24        136.0106        0.83143192      0.1581
   -7    2  -14       24        136.0404        0.83134464      0.1590
  -16    6    0       18        136.1643        0.83098230      0.1093
  -15    6   -5       24        136.2317        0.83078593      0.2239
  -12    4  -11       24        136.4114        0.83026407      0.1837
  -16    6   -1       36        136.6731        0.82950866      0.2263
  -13    6  -10       24        136.6766        0.82949845      0.1982
  -10    3  -13       24        136.7458        0.82929972      0.2137
  -14    2   -5       24        136.9640        0.82867564      0.2471
  -14    3   -7       24        137.0092        0.82854693      0.2466
  -11    3  -11       24        137.1694        0.82809182      0.1968
   -5    2  -16       24        137.2183        0.82795322      0.1574
   -9    3  -14       24        137.3510        0.82757840      0.2162
  -16    8   -2       12        137.8417        0.82620504      0.0947
  -15    4   -5       24        137.9560        0.82588791      0.2277
  -13    5  -10       24        138.1641        0.82531330      0.1986
  -16    6   -2       36        138.2291        0.82513431      0.2499
   -9    0  -13       12        138.2352        0.82511756      0.1204
  -15    2    0       12        138.3895        0.82469483      0.0884
  -16    6   -2       24        138.5969        0.82412938      0.1887
   -5    1  -16       24        138.7215        0.82379130      0.1472
   -9    2  -14       24        138.8581        0.82342210      0.2224
  -15    2   -1       24        138.9204        0.82325432      0.1821
   -7    1  -14       24        139.0217        0.82298202      0.1763
  -15    5   -5       24        139.2243        0.82243999      0.2325
  -15    3   -4       24        139.2703        0.82231748      0.2328
  -10    0  -11       12        139.4390        0.82186924      0.1112
  -14    1   -5       24        139.4814        0.82175690      0.2370
  -12    0   -9       12        139.5070        0.82168917      0.1209
  -14    4   -8       24        139.6239        0.82138052      0.2423
   -8    0  -14       12        139.6289        0.82136730      0.1221
  -16    5    0       12        139.9284        0.82058162      0.1017
  -12    3  -11       24        140.1943        0.81988999      0.2045
    0    0  -17        2        140.2723        0.81968824      0.0333
  -13    0   -8       24        140.4070        0.81934092      0.2673
  -16    5   -1       24        140.4764        0.81916252      0.2066
  -15    2   -2       24        140.5484        0.81897768      0.1983
  -10    2  -13       24        140.5548        0.81896130      0.2374
  -16    6   -2       36        140.9341        0.81799505      0.2915
   -1    0  -17       12        141.0662        0.81766119      0.1881
  -13    3  -10       48        141.2777        0.81712960      0.4538
  -16    8   -4       12        141.6415        0.81622321      0.1195
  -15    7   -7       36        141.6428        0.81621997      0.4216
  -11    2  -11       24        141.8189        0.81578486      0.2240
   -5    0  -16       12        141.8727        0.81565235      0.0737
  -14    7   -9       36        141.8904        0.81560876      0.3911
   -9    1  -14       24        142.0187        0.81529398      0.2490
  -16    5   -2       24        142.1599        0.81494899      0.2172
  -16    6   -4       24        142.4597        0.81422170      0.2353
   -2    1  -17       12        142.6966        0.81365181      0.1690
  -14    6   -9       24        142.7133        0.81361176      0.2520
   -8    4  -14       12        143.0223        0.81287523      0.1094
  -15    6   -7       24        143.2948        0.81223165      0.2769
  -15    2   -2       24        143.3953        0.81199568      0.2276
  -11    0  -11       12        143.4511        0.81186501      0.1174
   -6    3  -16       12        143.5336        0.81167230      0.0898
   -2    0  -17       12        143.5350        0.81166912      0.1610
   -8    3  -14       36        143.8672        0.81089819      0.3346
  -15    4   -5       24        144.0926        0.81037967      0.2714
  -14    2   -7       24        144.1452        0.81025929      0.3027
  -15    3   -5       24        144.3791        0.80972617      0.2745
   -6    2  -16       24        144.3889        0.80970401      0.1763
  -16    6   -4       36        145.0120        0.80830438      0.3577
  -16    5   -2       24        145.1182        0.80806867      0.2386
  -14    5   -9       24        145.2816        0.80770763      0.2651
  -14    3   -8       24        145.4150        0.80741446      0.3044
  -16    4    0       12        145.7629        0.80665558      0.1329
  -14    1   -5       24        145.8459        0.80647595      0.3017
  -12    2  -11       24        146.0675        0.80599855      0.2542
  -12    6  -11       12        146.0959        0.80593776      0.1365
   -3    1  -17       24        146.1570        0.80580687      0.2893
  -16    4   -1       24        146.3914        0.80530740      0.2700
  -13    2  -10       24        146.3958        0.80529805      0.2736
  -11    5  -13       48        146.4816        0.80511621      0.5868
   -8    2  -14       24        146.5117        0.80505252      0.2467
  -15    5   -7       24        146.8090        0.80442733      0.2917
  -12    5  -11       24        147.0088        0.80401079      0.2714
  -16    8   -5       12        147.0595        0.80390562      0.1575
   -6    1  -16       24        147.0699        0.80388394      0.1801
   -9    0  -14       24        147.2359        0.80354085      0.3083
  -15    2   -4       24        147.7383        0.80251423      0.2765
  -16    6   -5       24        147.9967        0.80199316      0.3085
   -3    0  -17       12        148.0090        0.80196855      0.1363
  -16    4   -2       24        148.3427        0.80130304      0.2843
  -11    4  -13       24        148.3504        0.80128770      0.3012
  -15    1    0       12        148.5465        0.80090053      0.0965
  -13    6  -11       24        148.8752        0.80025745      0.2777
  -11    1  -11       24        148.9058        0.80019796      0.2792
  -10    5  -14       12        149.1453        0.79973467      0.1680
  -15    1   -1       24        149.2252        0.79958095      0.2032
  -16    5   -4       24        149.6759        0.79872254      0.2794
  -12    4  -11       24        149.8943        0.79831177      0.2822
  -14    4   -9       24        149.9825        0.79814675      0.3214
  -10    4  -14       24        150.1409        0.79785174      0.3398
  -13    5  -11       24        150.8806        0.79649752      0.2881
  -16    6   -5       36        150.9699        0.79633663      0.4704
   -4    2  -17       12        150.9833        0.79631254      0.1367
  -13    0   -9       24        151.0042        0.79627499      0.3593
  -15    7   -8       36        151.1610        0.79599409      0.5700
  -12    0  -10       12        151.2578        0.79582148      0.1651
  -15    1   -2       24        151.3481        0.79566100      0.2363
   -8    1  -14       24        151.3913        0.79558451      0.3158
  -15    3   -5       24        151.6694        0.79509480      0.3531
  -16    4   -2       24        151.8614        0.79475985      0.3167
   -6    0  -16       12        152.0365        0.79445662      0.1112
   -4    1  -17       24        152.0382        0.79445363      0.2677
  -11    3  -13       24        152.4246        0.79379173      0.3305
  -15    4   -7       24        152.8161        0.79313148      0.3618
   -7    3  -16       24        153.1293        0.79261065      0.2600
  -15    6   -8       24        153.3219        0.79229365      0.3865
  -10    3  -14       24        153.3291        0.79228179      0.3696
  -15    2   -5       24        154.2518        0.79079813      0.3687
  -14    2   -8       24        154.4654        0.79046268      0.4274
  -14    7  -10       36        154.5738        0.79029365      0.5722
  -17    8    0       24        154.9255        0.78975056      0.3021
  -16    8   -5       12        155.0357        0.78958199      0.2291
  -14    1   -7       24        155.1089        0.78947064      0.4331
  -15    1   -2       24        155.2518        0.78925395      0.3045
  -13    3  -11       48        155.3314        0.78913395      0.7070
  -12    3  -11       24        155.3693        0.78907690      0.3450
   -7    2  -16       24        155.4492        0.78895698      0.2796
   -4    0  -17       12        155.4511        0.78895405      0.1353
   -9    0  -14       12        155.6667        0.78863265      0.2139
  -17    8   -1       48        155.7663        0.78848524      0.6347
  -14    6  -10       24        155.7722        0.78847647      0.3788
  -10    0  -13       12        155.8881        0.78830579      0.1951
   -9    3  -14       24        155.9288        0.78824600      0.3941
  -16    6   -5       24        156.2560        0.78776971      0.4548
  -16    5   -5       24        156.6754        0.78716935      0.3704
  -17    6    0       12        157.4167        0.78613613      0.1526
  -16    4   -4       24        157.6171        0.78586292      0.3941
  -14    3   -9       24        158.0252        0.78531447      0.4737
  -15    5   -8       24        158.2287        0.78504501      0.4484
  -17    6   -1       24        158.3482        0.78488807      0.3249
  -17    8   -2       48        158.4727        0.78472547      0.7453
   -9    2  -14       24        158.5292        0.78465209      0.4399
   -5    2  -17       24        159.3829        0.78356712      0.3302
  -10    2  -14       24        159.6377        0.78325226      0.4882
  -14    5  -10       24        159.7627        0.78309926      0.4474
  -11    2  -13       24        159.9003        0.78293204      0.4523
   -8    0  -14       12        159.9488        0.78287347      0.2487
  -16    6   -5       36        160.3391        0.78240684      0.7455
  -11    0  -11       12        160.7592        0.78191539      0.2241
   -7    1  -16       24        160.8604        0.78179871      0.3752
  -17    6   -2       24        161.4070        0.78117928      0.4004
  -15    1   -4       24        161.9907        0.78053864      0.4681
   -5    1  -17       24        162.4623        0.78003655      0.3560
  -17    6    0       12        163.4258        0.77905367      0.2494
  -15    3   -7       24        163.6995        0.77878497      0.6220
  -17    8   -2       48        163.9147        0.77857695      1.0596
  -13    2  -11       24        164.0351        0.77846176      0.5731
  -17    6   -1       24        164.7033        0.77783900      0.5408
   -9    1  -14       24        164.9574        0.77760931      0.6506
  -15    2   -5       24        165.4770        0.77715203      0.6867
  -12    2  -11       24        166.0458        0.77667041      0.6285
  -15    0    0        6        167.4260        0.77558348      0.1187
  -17    6   -2       24        168.0738        0.77511310      0.6761
  -16    4   -5       24        168.4505        0.77485122      0.7560
  -15    7   -9       36        168.5339        0.77479444      1.4206
  -15    4   -8       24        168.9218        0.77453566      0.8907
  -15    0   -1       12        169.1542        0.77438494      0.2844
  -14    4  -10       24        169.1671        0.77437664      0.8802
  -17    6   -2       24        169.4005        0.77422878      0.7823
  -12    6  -13       12        169.4226        0.77421494      0.4705
    0    0  -18        2        169.5269        0.77415000      0.1135
  -16    5   -5       24        170.2689        0.77370708      0.9030
  -16    8   -7       12        170.4529        0.77360231      0.6406
   -8    4  -16       12        171.3532        0.77311899      0.4741
   -5    0  -17       12        171.3586        0.77311623      0.3403
  -13    0  -10       24        172.2909        0.77266683      1.3129
  -12    5  -13       24        172.6530        0.77250620      1.3127
   -1    0  -18       12        172.8037        0.77244169      0.9240
  -16    6   -7       24        174.2291        0.77189762      1.9906
  -13    6  -11       24        175.4408        0.77152958      1.9440
   -8    3  -16       36        175.8803        0.77141748      2.9733
  -15    6   -9       24        176.0355        0.77138061      2.5862
  -14    1   -8       24        177.3497        0.77112523      4.1512
  -11    5  -14       48        177.4209        0.77111429      8.1565
